   1            "k"    1    1.000000   1.000000   1.000000
   2        "k-o+s"    6   19.984171  50.760437  22.234285
   3         "u-ng"    1    0.999980   1.006142   1.447895
   4        "a-t+u"    5   14.969307  13.117330  42.815403
   5        "t-u+k"    2    3.624605   6.374927  95.995071
   6         "o-ng"    3   14.998725   2.999939  10.253914
   7          "k+o"    3    2.999906   2.999906   9.999814
   8          "s+a"    2   17.232025  45.773094   5.990270
   9          "t-u"    2    8.023995   4.000842  79.971420
  10          "sil"    6   61.557930   0.000000 184.746597
  11        "s-a+t"    5   23.317955  40.262058  24.380661
  12       "s-o+ng"    6   15.385361  28.695377  12.916601
  13       "o-ng+s"    3    2.999846   3.999795   4.067017
  14       "ng-s+a"    3   22.005644  46.922852  16.068092
  15        "o-s+o"    6   30.025541  69.003563  36.985271
  16       "t-u+ng"    1    2.094657   3.947204  81.001984
  17        "u-k+o"    2    1.999896   1.999896   2.999615
